	Los Angeles 	New York 	Dallas 		Houston 	Phoenix
2000 	40.1056 	26.7193 	18.4965 	16.8673 	29.1213
2001 	37.9475 	28.5194 	18.8545 	16.8720 	28.8365
2003 	33.6259 	26.7363 	18.2647 	14.0919 	29.3263
2004 	25.1765 	24.5736 	16.3591 	12.3014 	24.5730
2005 	20.0479 	25.7116 	16.9063 	11.8734 	23.9535
2006 	21.9860 	24.2292 	15.2825 	13.3080 	22.4053
2007 	21.4902 	23.2719 	15.7134 	15.8273 	22.3958
2008 	20.4043 	23.1042 	12.5358 	14.1894 	20.8949
2009 	21.8176 	21.6850 	12.4601 	9.5116 		19.6189
2010 	18.6410 	19.7114 	13.1061 	13.1516 	18.2995
2011 	20.0272 	21.2029 	12.9570 	12.0005 	19.8912
2012 	19.8121 	18.0948 	11.4915 	12.5196 	19.9431
2013 	18.8667 	17.9197 	11.5734 	11.9602 	18.1303
2014 	18.8311 	16.9206 	10.3756 	12.2362 	17.9952
2015 	18.1467 	17.1660 	9.9630 		12.9670 	14.8266